0 71 71 0
1 76 146 0
1 23 168 0
4 10 174 0
5 42 211 0
7 88 292 0
7 9 294 0
8 23 309 0
10 80 379 0
10 46 415 0
11 71 475 0
11 39 503 0
11 14 506 0
11 4 499 0
14 77 562 0
15 94 641 0
16 100 725 0
16 47 756 0
17 93 832 0
17 90 905 0
18 74 961 0
18 29 972 0
18 25 979 0
20 87 1046 0
20 59 1085 0
20 22 1087 0
22 75 1140 0
23 4 1121 0
25 28 1124 0
26 64 1162 0
26 22 1158 0
29 62 1191 0
30 39 1200 0
31 27 1196 0
33 51 1214 0
33 30 1211 0
34 94 1271 0
34 48 1285 0
34 4 1255 0
35 15 1235 0
35 12 1212 0
37 93 1268 0
37 40 1271 0
37 18 1252 0
38 89 1303 0
41 23 1285 0
42 65 1308 0
44 80 1344 0
44 75 1375 0
44 12 1343 0
45 44 1342 0
46 36 1332 0
47 15 1300 0
47 5 1258 0
50 46 1254 0
52 64 1266 0
53 94 1307 0
53 43 1297 0
54 97 1340 0
54 47 1333 0
54 34 1313 0
55 63 1321 0
56 71 1336 0
57 84 1363 0
57 12 1318 0
58 82 1342 0
59 15 1298 0
60 65 1303 0
63 12 1252 0
64 95 1283 0
68 73 1288 0
70 96 1314 0
70 68 1312 0
70 5 1247 0
71 88 1264 0
72 27 1219 0
73 52 1198 0
75 50 1173 0
75 11 1109 0
76 65 1098 0
76 31 1053 0
78 83 1058 0
78 63 1043 0
78 5 970 0
81 78 967 0
84 43 926 0
84 31 873 0
85 56 844 0
85 25 784 0
88 76 772 0
89 39 722 0
89 38 671 0
90 23 604 0
90 11 525 0
91 21 455 0
92 7 370 0
96 91 365 0
96 79 348 0
96 61 313 0
96 28 245 0
98 86 233 0
98 55 190 0
98 52 144 0
99 44 89 0
100 87 76 1
76 0 0 1
No
